a, b
-2.172616720199584961e+00
-3.905430436134338379e-02
